d[0][0]: 0
  0  1 99  5 99 99 99 99 99 99 99 99 20 21 22 23 24 99 28 29 30 31 32 33 34 35 36 99 54 99 56 57 99 57 56 55 54 53 54 55 56 57 99 99 99 99 99 99 99 99 99 75 76 77 78 79 99 99 79 78 77 76 75 74 99 99 99 99 69 99 67 68 99 70 69 68 67 68 69 70 71 72 73 74 75 76 77 78 99 99 64 63 99 99 99 99 99 59 99 61 62 63 64 99 68 69 70 71 71 70 69 68 67 66 65 64 63 99 99 99 99 58 57 99 55 54 55 56 99 99 87 86 85 99 99 99 99 82 81 80 81 82 83 84 99 99 99 99 79 78 79 80 81 82 83 99 87 88 89 99 73 74 73 72 73 74 75 76 77 99 99 99 81 82 83 84 85 86 87 99 99 99 97 99 99 99 99 99 99 99
  1  2  3  4  5 99 11 99 99 99 99 18 19 20 21 99 25 26 27 28 29 99 33 34 35 99 99 52 53 54 55 56 57 58 57 99 99 54 55 56 57 58 99 99 71 70 99 70 99 99 73 74 99 99 99 80 81 81 80 99 76 75 99 73 99 71 99 99 68 67 66 99 70 69 68 67 66 99 70 71 72 73 72 73 74 75 76 77 99 64 63 62 63 99 99 56 57 58 59 60 61 62 99 66 67 99 99 99 72 71 70 69 68 99 64 63 62 61 60 59 58 57 56 55 54 53 54 55 56 57 99 85 84 83 99 99 99 83 99 79 80 81 99 83 84 99 99 99 99 77 78 99 99 83 84 85 86 87 99 73 72 99 72 71 72 99 99 77 78 99 99 79 80 81 99 85 86 87 99 93 94 95 96 97 98 99 99 98 99 99
  2  3  4  5 99  9 10 11 12 99 16 17 99 99 99 99 26 99 28 29 99 99 99 99 36 37 99 51 99 55 99 57 58 99 99 57 56 55 56 57 58 99 99 99 99 69 68 69 70 71 72 73 99 82 99 80 99 82 81 82 99 74 73 72 71 70 69 68 67 66 65 64 99 99 67 66 65 66 99 72 73 99 71 72 73 74 75 99 64 63 62 61 99 59 99 55 99 99 58 99 99 63 64 65 66 99 75 99 73 72 99 68 67 66 65 99 63 62 61 60 59 58 57 56 99 52 53 54 55 99 85 84 83 82 81 99 79 99 77 78 99 80 81 82 99 99 99 99 99 76 77 99 99 99 99 99 85 86 99 72 71 72 99 70 99 72 73 99 99 99 99 78 79 80 99 99 99 99 91 92 99 96 97 99 99 99 98 97 98 99
  3 99  5  6  7  8  9 99 13 14 15 16 99 22 23 24 25 99 29 30 99 99 99 99 99 99 51 50 49 99 99 99 57 56 55 56 57 56 99 99 59 60 99 99 65 99 67 68 69 70 71 72 99 81 80 79 99 99 82 83 99 99 74 73 99 69 68 99 66 99 64 63 99 67 66 65 64 65 66 99 99 99 70 99 72 99 99 66 65 99 61 60 59 58 99 54 55 56 57 58 99 99 99 99 67 99 74 73 72 71 70 69 99 99 66 67 99 63 62 61 60 99 58 99 99 99 54 55 56 99 99 99 99 99 80 79 78 77 76 77 78 79 80 81 99 99 74 73 74 75 76 77 99 99 99 99 84 85 86 99 70 99 68 69 70 71 99 73 74 99 76 77 99 99 99 99 92 91 90 99 98 97 99 99 99 98 97 96 97 99
  4 99  6  7  8  9 10 99 14 15 99 17 99 21 99 99 26 99 99 99 99 99 99 43 44 45 99 99 48 49 99 99 99 99 54 99 99 57 99 99 60 61 62 63 64 65 66 67 99 99 72 73 99 99 99 78 79 80 99 99 99 78 99 99 69 68 67 66 65 64 63 62 99 68 99 64 63 64 65 66 67 68 69 70 71 72 99 67 99 99 99 61 99 57 56 55 56 57 99 59 99 63 99 99 68 99 99 74 73 72 99 99 69 68 67 68 99 64 99 62 99 99 99 99 99 99 55 56 57 58 99 99 99 99 99 80 99 76 75 99 79 78 79 80 81 82 99 72 99 99 99 76 77 78 99 84 83 99 99 70 69 68 67 68 69 99 71 72 99 76 75 99 95 94 99 92 91 99 89 90 99 99 99 99 99 99 99 95 99 99
  5 99  7  8 99 10 11 12 13 99 19 18 19 20 21 99 25 99 29 99 99 99 99 42 43 44 45 46 47 48 99 99 99 99 53 54 55 99 57 99 59 99 99 64 65 66 99 99 72 71 72 73 74 75 76 77 78 99 99 79 78 77 76 77 99 69 99 67 66 65 99 61 60 99 99 63 62 63 99 65 99 69 99 71 72 73 99 68 99 99 99 99 99 58 99 99 57 58 99 60 61 62 63 64 99 99 99 99 74 73 72 71 70 69 99 99 66 65 99 99 72 73 72 73 99 99 56 57 58 99 99 99 99 69 70 99 76 75 74 99 78 77 99 81 99 83 99 71 72 73 99 75 76 77 78 99 82 83 99 71 70 99 66 67 68 69 70 99 72 99 74 99 99 93 92 91 90 89 88 99 88 99 99 99 99 99 93 94 95 96
  6  7  8  9 10 11 12 99 14 15 99 99 20 21 22 23 24 99 28 29 99 43 42 41 99 43 99 45 46 47 99 99 99 99 52 99 54 55 56 57 58 59 99 99 99 67 67 68 99 70 71 99 73 99 99 78 99 99 81 80 99 76 75 99 71 70 99 99 67 99 99 99 59 60 59 99 61 99 63 64 99 68 69 99 99 99 70 69 70 99 99 61 60 59 60 61 99 65 66 99 62 63 99 65 99 78 77 76 75 74 73 72 71 70 69 68 67 66 99 70 71 99 71 99 99 99 99 58 59 60 99 99 99 68 69 99 77 99 73 74 99 76 99 99 99 99 69 70 71 72 73 74 99 78 79 80 81 82 83 99 71 99 65 99 99 99 71 72 71 72 73 74 75 99 91 99 89 88 87 86 87 88 99 99 99 93 92 93 94 95
  7  8 99 10 11 12 99 99 15 99 99 99 21 22 23 24 25 26 27 28 99 44 99 40 41 42 43 44 45 99 47 99 49 50 51 52 53 54 99 99 59 60 99 69 68 67 66 67 68 69 70 71 72 73 99 99 99 99 99 99 99 75 74 99 99 71 72 99 68 69 70 99 58 99 58 99 60 61 62 99 68 67 68 69 99 99 71 70 99 99 99 62 99 60 61 62 63 64 99 68 99 64 65 66 99 79 78 77 76 75 99 73 72 99 70 69 68 67 68 69 70 71 70 69 68 99 60 59 60 61 62 99 66 67 68 99 99 99 72 73 74 75 74 73 72 99 68 69 99 73 74 75 76 77 78 99 82 99 84 85 99 63 64 99 66 99 99 71 70 71 72 99 74 99 90 89 99 99 86 85 86 87 88 99 99 99 91 92 93 99
  8  9 99 99 99 13 14 15 99 25 24 23 22 23 24 25 26 27 28 99 99 99 40 39 40 41 42 99 44 99 46 99 48 99 50 51 52 53 99 57 58 59 99 99 99 99 65 66 67 68 69 70 71 72 73 99 99 99 99 76 75 99 73 72 71 99 99 99 99 99 71 99 57 56 57 99 59 99 61 99 67 66 99 68 69 70 99 99 70 99 99 99 62 61 99 63 64 65 66 67 99 65 99 99 81 80 99 77 99 76 99 74 73 74 99 70 99 68 69 70 99 72 99 68 67 99 99 60 99 99 63 64 65 66 67 68 69 70 71 72 73 99 73 72 71 99 67 99 75 74 75 76 99 78 79 80 99 99 99 99 61 62 63 64 65 66 67 99 69 70 99 99 73 74 99 88 87 86 85 84 99 86 87 99 99 89 90 91 92 93
  9 99 19 18 99 14 15 16 99 99 23 24 23 24 99 26 27 28 29 99 99 99 39 38 39 40 41 42 43 44 45 46 47 48 49 99 53 54 55 56 99 99 60 99 62 63 64 65 99 99 70 71 99 99 74 75 99 99 76 75 74 99 72 71 70 69 70 71 72 73 72 99 99 55 56 57 58 59 60 61 99 65 66 67 99 71 99 70 69 68 99 64 63 62 63 64 99 66 67 68 67 66 67 68 99 81 99 76 99 99 99 99 99 99 99 99 99 69 99 99 70 99 99 99 66 65 99 61 99 99 99 99 66 67 68 69 99 99 99 73 74 75 99 99 70 99 66 67 99 75 99 77 78 99 99 99 56 57 99 61 60 99 62 99 64 65 66 99 68 69 70 71 72 73 74 99 99 99 84 83 84 85 86 86 99 88 99 90 91 92
 10 99 18 17 16 15 16 17 18 99 22 99 24 99 28 27 28 29 30 31 99 99 99 37 38 39 40 99 99 99 46 99 48 99 50 51 52 53 99 57 58 99 59 99 61 62 99 64 65 66 99 99 77 76 75 99 99 76 75 74 73 99 71 72 99 68 99 99 73 99 99 99 53 54 99 58 59 99 61 62 63 64 99 68 69 99 70 69 68 67 66 65 64 63 64 99 68 67 68 69 68 67 68 69 99 99 74 75 76 99 99 99 99 99 99 99 99 99 99 70 69 68 67 66 65 64 63 62 63 99 99 99 67 99 69 70 71 99 75 74 99 99 71 70 69 99 65 99 63 99 59 99 99 56 55 99 55 56 57 99 59 99 61 62 63 64 65 66 67 68 69 99 73 74 75 99 79 80 99 82 99 99 86 85 99 87 88 89 90 99
 99 99 99 18 99 99 17 18 19 20 21 22 99 99 27 99 99 30 31 32 33 34 35 36 99 40 99 99 99 99 99 50 49 99 51 52 52 53 54 99 99 57 58 59 60 99 62 63 64 65 66 99 78 77 76 77 78 99 74 73 72 71 70 99 99 67 68 69 99 55 99 53 52 99 99 59 99 99 62 63 64 65 66 67 68 69 70 99 69 99 67 99 99 64 99 70 69 68 99 70 69 68 99 70 71 72 73 74 75 76 99 99 99 99 99 99 99 72 71 71 70 99 99 99 66 99 64 99 99 99 99 69 68 69 99 71 72 73 99 73 72 71 70 69 68 99 64 63 62 99 58 57 56 55 54 53 54 55 99 99 58 59 60 99 99 99 66 67 68 99 99 99 99 75 76 77 78 79 80 81 82 83 99 84 99 86 87 88 89 90
 28 27 99 19 99 19 18 19 20 21 22 23 24 25 26 99 99 31 32 33 34 35 36 37 38 39 40 99 52 99 99 99 50 99 52 99 51 52 99 54 99 56 57 58 59 60 61 99 63 64 65 99 79 78 77 78 79 99 73 72 71 70 69 68 67 66 67 99 55 54 53 99 51 99 99 99 65 99 63 99 99 99 99 68 99 99 71 71 70 69 68 69 99 99 99 71 70 69 70 71 99 69 70 71 72 99 99 75 76 77 99 99 99 99 99 99 99 99 70 71 70 71 70 69 99 66 65 66 99 99 99 69 99 70 71 99 73 74 99 72 71 70 69 68 67 66 99 99 61 99 59 99 55 54 53 52 53 54 55 56 57 58 59 99 99 68 67 68 69 99 99 99 77 76 77 78 99 80 81 99 83 99 99 83 84 85 86 87 88 99
 99 26 25 99 21 20 19 99 21 22 23 99 99 26 27 28 29 30 31 99 35 99 99 38 39 40 99 50 51 99 99 99 51 51 99 49 50 51 52 53 99 55 99 57 58 59 60 99 62 99 99 81 80 99 99 77 99 99 99 73 72 99 70 69 99 65 99 99 99 53 52 51 50 51 52 99 64 63 62 99 70 69 68 69 70 99 72 99 71 70 69 70 99 99 99 72 99 70 99 72 71 70 99 72 99 76 77 76 99 78 79 99 99 99 99 99 99 99 69 70 69 70 99 68 99 66 65 99 65 99 67 68 99 71 72 73 74 99 75 99 99 69 68 67 99 65 99 61 60 59 58 57 56 55 54 53 54 55 56 57 58 59 99 63 99 69 68 99 99 73 99 99 76 99 99 99 99 81 82 99 99 99 81 82 99 99 87 88 89 90
 99 25 24 23 22 21 99 23 22 23 99 29 28 27 28 29 30 31 32 33 34 99 99 99 40 99 50 49 99 51 52 53 99 50 99 48 49 99 51 99 99 54 55 56 57 58 59 60 61 62 99 99 81 99 77 76 77 78 79 99 99 70 69 99 99 64 99 62 63 99 53 52 51 99 55 99 99 99 61 62 99 68 67 68 69 99 99 73 72 71 99 71 72 73 99 73 74 99 74 73 72 99 99 73 74 75 76 77 99 99 99 99 99 99 99 99 99 99 68 99 68 69 99 67 66 65 64 99 64 99 66 67 68 99 73 74 99 73 74 99 71 70 99 66 65 64 63 62 99 60 99 99 57 56 55 56 55 99 57 99 59 60 61 62 99 99 69 70 71 72 73 74 75 99 99 79 78 99 99 99 78 79 80 99 90 89 88 89 90 91
 99 99 25 99 23 22 23 24 23 24 99 99 99 28 29 99 99 32 33 34 99 99 99 99 99 99 99 48 49 50 51 52 99 49 48 47 48 49 50 51 52 53 54 55 56 57 58 99 62 63 99 99 99 99 76 75 99 99 99 99 70 69 68 99 99 63 62 61 99 55 54 53 52 53 54 99 58 59 60 61 62 99 66 67 68 69 99 99 99 99 77 99 73 74 99 74 75 76 75 74 73 74 75 74 99 76 99 99 81 99 99 99 99 99 99 99 99 66 67 66 67 99 67 66 65 64 63 99 63 99 65 66 67 99 99 75 99 72 73 99 70 69 68 67 99 65 99 63 62 61 60 59 58 57 56 57 99 99 99 69 99 61 62 63 99 99 99 99 99 73 74 99 76 77 78 78 77 99 75 76 77 99 81 99 91 99 89 90 99 99
 99 27 26 99 24 99 24 99 24 99 32 31 30 29 99 99 99 99 99 35 36 37 99 41 99 45 99 47 48 49 99 99 99 48 47 46 99 48 49 50 51 52 53 54 99 58 59 60 61 99 99 99 99 99 99 74 73 72 99 70 99 99 67 99 63 62 61 60 59 99 55 54 53 99 55 56 57 99 99 62 63 64 65 66 67 99 82 99 80 99 76 75 74 75 99 75 99 77 99 75 74 75 99 75 76 77 78 79 80 81 82 99 99 99 68 99 66 65 99 65 66 67 68 67 66 99 62 99 62 63 64 65 66 67 99 99 72 71 72 72 71 99 69 68 99 99 65 64 63 62 61 99 59 58 57 58 59 99 99 68 67 99 63 64 65 66 99 70 71 72 73 74 75 99 78 77 76 75 74 75 99 83 82 83 99 89 90 91 92 93
 99 28 27 26 25 99 25 26 25 99 99 32 31 30 31 99 99 99 37 36 37 38 39 40 99 44 45 46 47 48 99 99 99 47 99 45 46 47 48 99 50 99 54 55 56 57 58 59 60 61 99 99 99 75 74 73 72 71 70 69 68 67 66 65 99 61 60 59 58 57 56 99 54 55 56 99 99 61 62 63 64 99 66 67 99 82 81 80 79 78 77 99 75 76 77 99 79 78 77 76 99 76 99 99 77 78 99 99 99 82 99 99 99 99 67 66 65 64 63 64 65 66 99 68 67 99 61 60 61 62 99 66 67 99 99 99 71 70 71 72 72 71 70 99 68 67 66 65 64 63 62 61 60 59 99 59 60 99 68 67 66 65 64 99 99 67 68 69 70 71 72 99 76 77 99 78 99 74 73 74 99 84 83 84 99 88 89 90 91 92
 32 99 28 27 26 99 99 99 26 27 99 33 32 31 32 33 34 35 99 37 38 99 40 41 42 43 44 99 99 99 49 48 47 46 45 44 45 46 47 48 49 50 99 54 55 56 99 58 59 60 61 99 77 76 99 74 73 99 71 99 99 66 65 64 63 62 61 60 59 99 57 58 99 99 57 58 59 60 99 64 65 66 67 99 71 99 82 81 80 79 99 99 76 77 99 79 78 79 99 77 78 77 78 99 78 79 99 99 84 83 99 99 99 99 99 99 64 63 62 99 99 99 99 99 99 99 99 59 99 63 64 65 66 65 99 99 70 69 70 99 99 72 71 72 99 99 67 66 65 64 63 62 99 60 61 99 61 62 99 99 67 66 99 99 99 99 99 70 99 72 73 99 77 77 76 77 99 73 72 99 86 85 99 85 86 87 99 91 99 93
 31 30 29 28 27 99 29 28 27 99 31 32 33 99 99 34 35 99 99 99 99 99 41 99 43 44 99 48 49 99 50 49 48 99 99 43 99 47 48 99 50 51 99 53 99 99 56 57 58 59 60 99 78 77 99 99 74 99 72 73 99 99 66 65 99 63 62 99 60 61 99 99 62 99 58 99 60 61 62 99 99 67 68 69 70 99 83 82 99 80 81 99 99 78 79 78 77 78 99 76 99 99 79 80 79 99 99 99 99 99 99 99 99 62 63 99 99 62 61 99 99 58 99 56 55 99 57 58 99 99 65 66 65 64 65 66 99 68 69 99 74 73 99 73 74 75 99 67 66 65 64 63 62 61 62 63 62 63 64 65 99 67 68 99 72 99 99 99 99 73 74 99 99 99 75 99 73 72 71 72 99 86 87 99 99 88 89 90 91 99
 99 99 30 99 99 31 30 29 28 29 30 99 99 99 36 35 36 99 99 99 99 99 99 45 44 45 46 47 48 49 99 99 47 99 99 42 99 48 47 99 99 99 51 52 53 54 55 99 59 99 99 82 99 78 99 76 75 74 73 99 71 70 99 66 65 64 63 99 61 99 99 99 61 60 59 60 61 62 99 68 69 68 69 70 71 99 84 83 84 99 82 99 80 99 99 99 76 77 76 75 76 99 80 81 99 99 99 99 99 99 99 61 60 61 62 61 99 61 60 59 58 57 99 99 54 99 56 57 58 59 99 65 64 63 99 65 66 67 99 99 75 74 99 74 99 99 99 68 99 66 65 64 63 99 63 64 63 64 65 66 67 99 69 70 71 99 99 99 99 74 99 99 99 99 74 73 72 99 70 71 72 99 99 67 99 99 99 99 99 99
 33 32 31 99 99 32 99 99 29 30 31 99 35 36 37 36 99 99 99 99 99 99 99 46 45 99 47 99 49 49 48 99 46 45 99 41 42 99 46 47 48 49 50 99 54 99 99 57 58 59 99 81 80 79 99 75 74 99 99 71 99 69 99 99 66 65 99 99 99 63 99 61 60 99 60 61 62 63 99 67 99 99 68 69 99 71 99 84 83 82 81 80 79 99 77 99 75 76 99 74 75 76 99 99 99 99 99 99 99 99 99 99 59 99 61 60 59 99 59 99 57 56 99 54 53 54 55 56 99 99 99 99 63 62 99 64 99 99 99 77 76 99 99 75 76 77 99 99 99 99 99 65 64 65 99 65 99 65 66 67 99 71 99 71 72 73 74 75 76 75 76 99 99 74 73 99 71 99 69 70 99 66 65 66 67 68 69 68 69 70
 34 33 32 99 34 33 32 31 30 31 32 33 34 99 99 99 99 99 99 99 99 99 99 47 46 47 48 99 50 99 47 46 45 44 43 42 43 44 45 46 47 99 51 52 53 54 55 56 57 58 99 82 99 80 99 99 73 72 71 70 69 68 67 99 67 99 99 99 99 62 61 60 59 99 59 99 63 64 99 66 65 66 67 68 69 70 99 99 84 99 99 99 78 99 76 75 74 99 72 73 99 77 78 79 80 99 99 99 99 99 99 99 58 59 60 59 58 57 58 57 99 55 54 53 52 99 99 57 58 59 60 61 62 61 62 63 99 99 99 78 99 99 99 99 77 99 99 99 99 99 72 99 65 66 99 99 66 66 67 68 69 70 71 72 99 99 99 76 99 99 99 75 76 99 72 71 70 99 68 69 99 65 64 99 68 69 68 67 68 69
 35 99 33 99 35 99 33 32 31 32 99 99 35 99 99 99 99 99 99 99 63 99 63 99 47 99 49 50 51 51 99 47 46 99 44 43 44 45 99 47 48 49 50 51 99 55 56 57 58 99 70 99 99 81 99 75 74 73 72 99 70 99 66 99 99 99 99 99 99 99 60 59 58 57 58 59 99 63 62 99 64 99 68 99 99 71 99 99 99 75 76 99 77 78 77 99 73 72 71 72 73 99 79 99 99 62 61 60 59 99 57 56 57 99 59 99 99 56 99 56 55 54 99 99 51 99 99 99 99 99 61 62 61 60 99 99 99 64 63 99 65 66 67 68 99 99 99 99 99 99 71 99 66 67 67 66 65 66 99 99 70 99 99 73 99 99 99 77 78 99 99 74 99 99 71 70 69 99 67 99 99 99 63 64 99 99 99 66 67 68
 99 99 34 35 36 37 99 33 99 33 99 99 99 99 99 99 99 99 99 63 62 61 62 63 99 51 50 99 99 50 49 48 47 46 45 44 99 46 47 48 49 50 51 52 53 54 99 58 99 68 69 70 71 99 73 74 99 74 99 70 99 99 65 64 63 62 99 99 99 60 61 99 57 56 99 58 59 99 61 62 63 64 99 99 69 99 71 72 73 74 99 77 76 77 78 99 72 71 70 99 99 99 99 63 62 61 60 59 58 57 56 55 56 99 58 57 99 55 56 57 99 53 52 51 50 49 50 51 99 99 62 99 60 59 58 59 99 63 62 63 64 65 66 67 99 99 99 73 72 71 70 99 99 67 66 65 64 99 64 63 99 99 99 99 78 77 76 77 99 99 74 73 72 99 70 99 68 99 66 65 64 63 62 63 64 63 64 65 66 67
 99 36 35 36 37 99 35 34 35 34 99 38 99 99 99 99 99 99 99 64 99 60 99 99 55 99 51 52 53 99 50 49 99 47 99 45 46 47 48 49 50 51 52 53 54 55 99 99 66 67 68 69 70 71 72 73 72 99 70 69 70 99 66 65 99 61 60 59 58 59 60 61 99 55 99 57 58 59 60 61 99 63 64 99 68 69 70 99 74 99 99 99 75 76 99 72 71 70 69 99 99 99 63 62 61 60 59 58 99 56 55 54 55 56 57 56 55 54 55 56 99 52 53 99 99 48 99 99 99 99 99 99 99 58 57 58 59 99 61 62 99 64 65 99 99 99 75 74 73 99 69 68 99 99 65 99 63 99 99 62 63 64 65 66 99 76 75 76 77 99 73 72 71 70 69 68 67 66 65 99 63 62 61 99 99 62 99 99 67 68
 38 37 36 37 38 99 99 35 99 35 36 37 99 99 99 99 99 99 99 99 60 59 58 99 54 53 52 53 54 99 51 99 49 48 47 46 47 48 49 50 51 52 53 54 99 56 57 99 65 66 67 68 69 70 71 99 71 99 69 68 99 66 65 99 61 60 59 58 57 99 99 62 99 54 55 56 57 58 59 60 61 62 99 66 67 68 99 70 99 99 99 75 74 99 72 71 70 69 68 67 66 65 64 63 62 99 99 57 99 55 99 53 54 55 56 99 99 53 54 99 50 51 99 49 48 47 48 99 99 99 99 99 99 99 56 57 58 59 60 99 62 63 99 65 66 67 99 75 74 99 99 67 66 65 64 63 62 61 99 61 62 99 99 99 99 99 74 75 99 99 99 99 99 69 68 67 66 65 64 99 62 61 60 59 60 61 99 99 68 69
 39 99 37 99 39 40 41 99 37 36 99 99 45 99 99 99 99 99 99 56 99 58 57 56 55 54 99 54 55 99 52 51 50 49 48 47 99 49 50 51 52 53 54 55 56 57 99 65 64 65 99 67 99 71 99 99 70 69 68 67 66 65 64 63 62 99 60 99 56 55 54 99 52 53 99 57 99 99 60 61 99 63 64 65 66 67 68 69 70 99 99 74 73 72 71 99 99 68 67 66 65 66 65 64 99 99 99 56 55 54 53 52 99 99 99 52 51 52 99 48 49 99 99 99 47 46 99 48 49 50 99 52 99 54 55 56 57 99 59 60 61 62 99 64 65 99 99 76 75 99 67 66 65 64 65 99 61 60 99 60 99 60 99 99 99 74 73 99 71 72 71 72 99 99 67 66 65 64 63 62 99 99 59 58 59 99 61 62 99 99
 99 39 38 99 40 99 99 41 99 37 99 99 44 45 99 51 52 99 54 55 56 99 58 99 56 55 99 99 99 54 53 52 51 50 99 99 55 99 51 52 53 99 99 56 99 58 59 99 63 64 65 66 99 99 71 72 71 70 99 68 67 66 99 99 63 99 99 56 55 54 53 52 51 52 59 58 99 62 61 62 63 99 99 66 67 99 69 70 71 72 73 99 99 99 70 71 72 99 99 65 64 65 99 65 66 99 56 55 54 53 52 51 99 49 50 99 50 99 99 47 99 99 44 43 99 45 46 47 48 49 50 51 52 53 54 55 99 59 58 59 60 61 62 63 64 65 66 99 99 67 66 65 64 63 99 99 99 59 99 59 58 59 99 99 99 73 72 71 70 99 70 99 99 99 68 99 64 63 62 61 60 59 99 57 58 59 60 99 60 61
 99 99 99 42 41 42 99 40 39 38 99 99 43 99 51 50 51 99 53 54 99 99 57 99 57 56 99 99 99 99 99 99 99 51 52 53 54 99 54 53 54 55 56 57 99 59 60 61 62 99 66 67 68 69 70 71 72 71 70 69 68 67 68 99 62 61 99 57 56 55 99 53 99 99 60 59 99 63 62 63 64 99 99 67 99 75 99 71 99 73 74 99 99 70 69 70 99 66 99 64 63 99 67 66 99 99 99 99 53 52 51 50 49 48 99 48 49 48 47 46 45 44 43 42 99 44 45 99 99 99 49 50 51 52 53 54 55 99 57 99 61 60 61 99 65 99 67 68 99 99 65 64 63 62 61 60 59 58 57 99 57 58 99 99 99 99 99 99 69 68 69 70 71 70 69 99 99 99 99 60 59 58 57 56 57 58 59 99 59 60
 99 57 56 99 42 43 42 41 99 39 40 41 42 99 99 49 99 51 52 53 54 55 56 57 58 57 99 99 99 56 55 54 53 52 53 54 99 99 55 99 55 56 57 99 61 60 61 62 63 64 65 66 67 68 99 72 73 72 71 70 99 68 69 70 99 60 59 58 57 56 99 54 55 99 59 60 61 62 63 64 65 66 67 99 75 74 73 72 73 74 99 99 99 99 68 99 66 65 64 63 62 63 99 99 99 55 54 53 52 99 99 99 99 47 46 47 48 99 48 47 46 45 99 41 42 43 44 45 99 47 48 99 99 51 99 53 54 55 56 99 99 59 60 99 99 67 68 69 70 71 99 65 64 99 99 61 99 57 56 55 56 99 99 99 99 99 99 99 99 67 68 99 72 99 99 73 99 63 99 99 99 57 56 55 99 99 99 57 58 59
 99 99 55 54 99 44 99 42 99 40 41 42 99 46 47 48 99 50 51 52 53 99 57 99 99 58 99 99 99 57 99 55 54 99 99 55 56 57 56 99 56 99 58 59 60 99 62 99 99 99 99 67 68 69 70 71 72 73 72 99 74 99 70 71 99 61 60 59 58 57 56 55 56 57 58 59 60 99 99 65 99 67 99 77 76 75 99 73 74 75 99 99 99 99 67 66 65 64 63 62 61 99 99 56 55 54 53 52 51 50 49 48 47 46 45 46 47 99 99 99 99 99 39 40 41 42 43 99 47 46 47 48 99 50 51 52 53 54 99 56 57 58 59 60 99 66 99 99 99 72 99 66 65 99 99 62 99 99 99 54 99 99 99 58 99 99 99 99 99 66 99 99 71 70 71 72 99 62 61 60 59 58 99 54 53 54 55 56 57 58
 99 55 54 53 52 99 52 99 42 41 99 43 44 45 46 47 48 49 50 99 99 59 58 59 99 99 61 99 59 58 99 56 55 56 99 55 56 57 57 58 57 58 59 99 61 62 63 64 65 66 67 68 69 70 71 72 73 74 99 74 73 72 71 99 63 62 61 60 59 99 99 56 99 99 59 60 61 62 63 64 65 99 73 99 99 76 99 74 75 76 77 78 99 99 68 67 66 99 62 61 60 59 58 57 56 55 54 99 50 49 48 99 46 45 44 99 46 99 40 39 38 37 38 39 99 99 44 45 99 45 46 47 48 49 50 51 52 53 54 55 56 57 99 61 99 65 66 99 72 71 99 67 66 67 68 99 99 99 99 53 99 55 99 57 58 59 60 99 64 65 66 67 99 69 99 71 99 99 62 61 60 99 54 53 52 53 99 57 58 99
 67 99 55 99 51 50 51 99 43 42 43 99 45 46 47 48 99 50 51 52 53 99 99 60 61 61 60 59 58 57 58 57 99 56 99 54 55 56 57 58 58 59 60 61 62 63 64 99 99 67 68 69 99 71 99 73 99 99 92 99 74 73 99 99 99 63 62 99 60 59 58 57 58 59 60 99 62 63 99 99 99 71 72 99 78 77 76 75 76 99 99 79 99 99 99 99 65 64 63 62 99 60 99 99 57 56 55 56 99 48 47 46 99 99 43 44 45 99 99 99 37 36 99 99 99 99 99 99 99 44 45 46 99 99 51 52 99 54 55 56 57 99 63 62 63 64 99 99 71 70 69 68 67 68 69 70 99 99 99 52 53 54 55 56 99 99 61 62 63 99 99 99 67 68 99 70 71 99 63 62 61 62 99 52 51 52 53 99 99 46
 66 67 99 99 99 49 99 45 44 99 99 99 46 47 99 99 52 99 52 99 99 99 99 99 99 99 99 99 99 56 57 57 56 55 54 53 54 99 99 99 58 59 60 99 63 99 65 66 99 68 68 69 70 71 72 73 99 90 91 92 99 74 99 99 99 99 63 99 61 60 59 99 59 99 99 99 63 99 67 68 69 70 99 80 79 78 99 76 77 99 99 99 99 99 68 67 66 99 99 63 99 61 62 99 99 99 56 99 99 47 46 45 44 43 42 99 46 99 40 41 99 35 99 99 99 99 99 41 42 43 99 99 99 99 52 99 99 99 99 99 58 99 64 63 64 99 74 99 99 71 70 99 68 99 70 71 99 99 54 53 54 55 99 57 58 59 60 61 62 63 64 65 66 67 68 69 99 65 64 63 62 63 99 99 50 99 99 43 44 45
 65 66 67 99 99 48 47 46 45 46 47 48 99 48 49 50 51 99 99 99 99 62 99 64 99 99 99 99 56 55 56 99 55 99 53 52 99 99 55 99 57 58 99 65 64 65 66 67 99 68 67 99 71 72 73 99 90 89 90 91 99 75 99 99 66 65 64 99 62 61 99 65 99 67 66 65 64 65 66 99 99 99 99 99 80 79 78 77 78 79 99 99 99 99 69 68 67 99 99 99 99 62 63 64 65 66 99 99 99 99 45 44 43 42 41 99 99 38 39 99 99 34 35 99 99 99 39 40 99 44 45 99 99 54 53 54 55 56 57 58 99 62 63 64 65 99 73 99 99 72 71 72 99 99 99 99 99 99 99 54 55 56 57 58 59 60 61 99 63 99 65 66 67 68 69 70 99 66 99 99 63 64 99 99 49 48 99 44 45 46
 64 65 66 99 50 49 99 47 99 47 48 99 99 99 50 51 52 53 54 99 99 61 62 63 99 50 49 50 99 54 55 99 54 53 52 51 52 99 54 55 56 57 99 66 65 66 67 68 68 67 66 99 99 99 74 75 99 88 99 92 99 99 71 99 67 99 65 99 99 62 63 64 99 99 67 66 99 66 67 99 71 99 99 82 81 80 79 78 99 79 78 99 99 73 99 69 99 68 67 66 67 99 99 99 66 67 68 99 99 99 44 43 99 41 40 39 38 37 99 99 34 33 34 99 36 99 38 99 46 45 99 99 99 55 54 55 56 99 58 59 60 61 99 99 66 99 72 99 99 73 72 73 99 99 99 99 99 99 99 99 99 57 99 99 60 61 62 63 99 67 66 67 99 69 99 71 72 99 66 65 64 65 99 49 48 47 46 45 99 47
 63 64 99 99 99 99 99 99 53 99 49 50 99 99 51 52 53 54 55 56 99 60 61 62 99 49 48 49 50 53 54 99 55 99 51 50 51 52 53 99 55 56 57 99 99 99 68 69 99 66 65 66 67 99 99 76 99 87 99 99 99 99 70 69 68 67 66 99 64 63 64 65 66 67 68 67 68 99 68 69 70 71 72 99 99 81 99 79 79 78 77 76 99 72 71 70 99 99 66 65 66 99 66 99 99 68 69 70 99 44 43 42 41 40 39 99 37 36 35 34 33 32 33 99 35 36 37 99 47 99 99 99 99 99 55 56 57 58 99 60 61 99 99 68 67 99 71 72 73 74 73 74 99 80 79 99 99 99 99 62 99 58 99 62 61 62 63 64 65 99 67 68 69 99 73 72 99 99 67 99 99 99 51 50 49 48 47 99 55 48
 62 99 60 99 58 57 99 53 52 51 50 51 52 53 99 53 99 99 56 57 58 59 60 99 99 50 49 50 51 52 53 54 99 99 99 49 50 99 52 53 54 99 58 99 99 99 69 99 62 99 64 65 66 67 68 99 85 86 99 99 73 72 71 70 99 67 66 65 99 99 99 99 67 68 99 68 99 99 99 70 71 72 73 74 99 99 99 80 99 99 76 75 74 73 72 99 67 66 65 64 99 64 65 66 67 68 69 70 71 99 42 41 40 39 38 99 38 99 34 33 32 31 99 99 34 35 99 37 99 99 99 47 99 99 99 99 58 59 60 99 99 99 70 69 68 69 70 99 99 75 99 99 99 99 78 99 99 99 99 61 60 59 60 61 62 63 64 65 66 69 68 99 99 99 74 99 99 99 68 69 70 71 99 99 99 49 99 53 54 55
 61 60 59 58 57 56 55 54 53 99 99 99 53 54 55 54 55 56 57 99 59 60 99 55 54 99 50 51 52 53 99 99 47 46 47 48 99 52 51 52 53 54 99 58 57 99 99 99 61 62 63 99 67 68 99 85 84 85 86 99 74 99 72 71 99 66 65 64 63 62 99 99 99 69 70 69 99 99 70 69 99 73 74 99 99 61 60 99 58 57 99 99 99 74 73 99 68 99 64 63 62 63 64 65 66 67 68 69 70 99 99 42 99 99 37 36 99 34 33 32 31 30 31 32 33 34 35 36 37 99 47 46 45 46 47 99 99 99 61 62 63 64 99 70 99 70 71 99 77 76 99 99 99 99 77 76 99 64 63 62 61 60 99 99 63 99 65 99 71 70 99 99 99 99 99 99 71 70 69 99 99 99 99 99 51 50 51 52 53 54
 99 61 99 59 58 57 99 55 54 99 58 59 60 99 56 55 56 57 58 59 60 99 64 99 53 52 51 52 53 54 99 47 46 45 46 47 48 99 50 51 99 53 99 99 56 57 58 59 60 99 99 67 68 99 85 84 83 99 99 76 75 99 99 99 68 67 66 65 99 61 62 99 99 70 99 99 71 70 69 68 67 99 99 62 61 60 59 58 57 56 55 99 99 99 74 75 99 64 63 62 61 62 63 99 99 99 69 99 99 99 99 99 38 37 36 35 34 33 32 31 30 29 30 31 32 99 99 35 36 37 99 45 44 45 46 99 99 99 99 63 64 65 66 99 76 99 99 99 99 75 74 75 99 77 76 75 99 65 99 99 99 61 62 63 99 99 66 67 99 99 99 99 78 99 74 73 72 99 99 99 99 99 99 53 52 51 52 53 99 55
 69 99 63 99 99 58 59 99 55 56 57 58 59 58 57 56 57 58 99 60 61 62 63 99 54 99 52 53 54 99 99 99 99 44 45 99 99 48 49 50 51 52 53 54 55 56 99 60 61 62 99 66 67 99 99 83 82 81 99 77 76 99 99 99 99 68 67 99 61 60 61 62 99 71 72 71 70 69 68 67 66 65 64 63 62 61 99 57 56 55 54 55 56 99 99 76 99 63 62 61 60 61 62 63 64 99 70 71 99 99 41 40 39 38 37 36 35 34 99 99 99 28 29 30 31 32 33 34 35 36 37 99 43 99 47 48 99 99 99 99 65 66 67 99 75 74 73 74 73 99 73 74 75 99 75 74 73 99 69 68 67 99 63 64 99 68 67 99 75 76 99 78 77 76 99 74 73 99 77 99 99 99 55 54 99 52 99 99 57 56
 68 99 62 61 60 59 58 57 56 99 58 59 60 59 58 99 99 59 99 61 62 63 64 99 55 99 53 54 55 99 46 45 44 43 99 45 46 47 48 99 52 53 99 55 99 57 58 59 99 63 64 65 66 99 85 84 99 80 79 78 99 99 99 99 99 99 68 99 62 61 99 63 99 99 73 99 99 70 99 68 67 66 99 62 61 60 99 56 55 54 53 54 99 99 99 99 59 99 99 60 59 99 63 99 99 99 71 72 73 74 99 99 99 99 38 37 36 35 99 99 28 27 99 99 99 33 34 33 99 35 99 99 42 99 48 99 46 99 99 49 99 67 99 99 99 99 72 73 72 71 72 73 99 99 74 73 72 71 70 99 66 65 64 99 70 69 99 99 74 99 76 99 76 75 74 73 74 75 76 99 99 99 99 99 99 53 99 99 58 99
 67 99 63 62 99 99 99 58 99 62 99 60 61 99 99 62 61 60 61 62 99 64 99 57 56 99 54 55 99 99 99 44 43 42 43 44 45 46 47 48 99 99 57 56 57 58 59 60 61 62 63 64 99 87 86 99 82 81 99 79 80 99 71 70 69 68 99 64 63 62 63 64 65 66 72 71 70 99 99 69 99 99 99 99 99 59 99 99 56 99 52 53 54 99 99 57 58 59 99 59 58 99 64 65 99 73 72 99 74 75 99 71 99 99 99 38 37 99 99 99 99 26 27 28 29 99 99 32 33 34 35 99 41 99 99 44 45 46 99 48 49 99 99 99 99 70 71 72 71 70 71 72 73 74 99 99 99 72 71 99 67 99 99 99 99 70 71 72 73 74 75 76 77 99 73 72 73 74 99 99 99 99 99 99 99 54 55 56 57 99
 66 65 64 63 99 65 99 99 62 61 99 99 99 65 64 63 62 61 62 99 46 99 99 58 57 56 55 99 99 41 40 99 42 41 99 99 99 99 48 49 50 99 58 99 58 99 60 61 62 63 64 99 99 88 87 99 83 82 81 80 99 71 70 69 68 67 66 65 99 99 64 65 66 67 99 99 69 70 99 70 71 72 99 58 59 58 99 99 57 99 51 52 53 54 55 56 57 58 59 58 57 56 99 99 99 74 73 99 99 99 71 70 99 99 99 39 99 31 30 99 26 25 26 27 28 29 30 31 32 33 99 99 40 41 99 43 44 99 46 47 99 99 99 99 99 69 99 99 99 69 70 71 72 73 99 75 74 73 99 69 68 69 99 73 72 71 99 73 99 75 76 75 99 73 72 71 99 75 99 99 99 99 60 99 56 55 99 57 58 59
 99 66 65 64 65 64 63 62 99 60 61 62 99 66 65 64 63 99 99 46 45 99 45 99 99 99 99 50 51 99 39 38 99 40 41 99 51 50 49 99 51 52 99 60 99 99 99 62 63 64 99 99 99 87 86 85 84 83 99 99 73 72 71 70 69 68 67 99 99 66 65 66 67 99 66 67 68 69 70 99 99 99 99 57 99 57 99 99 99 51 50 99 99 55 56 99 58 99 58 57 56 55 99 99 58 99 99 99 99 99 99 69 99 67 68 99 66 99 29 28 27 26 27 99 99 99 99 99 33 34 99 38 39 40 41 42 43 44 45 99 99 99 99 99 99 68 67 66 67 68 69 99 73 74 99 76 75 74 75 99 69 70 99 74 99 99 75 74 75 76 75 74 73 72 71 70 69 99 63 62 61 60 59 58 57 99 59 58 59 60
 99 67 66 65 99 63 62 61 99 59 60 61 99 99 99 65 64 65 66 99 44 43 44 45 46 47 48 49 99 37 99 37 99 39 40 41 99 99 50 99 99 53 99 59 99 99 99 63 99 65 66 99 70 99 87 99 85 99 76 75 74 73 72 71 99 69 68 69 99 67 99 99 99 66 65 99 99 99 99 99 59 99 57 56 55 56 99 99 51 50 49 50 99 56 99 99 59 60 59 99 99 54 55 56 57 58 99 62 99 70 69 68 67 66 67 66 65 64 99 29 28 27 99 99 99 99 38 99 34 35 36 37 99 99 42 99 44 45 99 99 99 99 99 99 99 67 66 65 99 67 99 79 99 75 99 77 76 99 99 99 99 99 76 75 76 77 76 75 76 77 76 99 99 73 72 99 68 67 99 63 99 61 60 99 58 59 99 59 60 99
 99 68 99 66 99 62 61 60 59 58 99 62 63 64 65 66 65 66 99 44 43 42 99 99 99 99 49 99 99 36 35 36 37 38 39 99 41 99 99 56 55 54 99 58 59 60 61 62 99 66 67 99 69 99 88 99 99 99 77 76 75 74 73 72 71 70 69 70 69 68 69 99 66 65 64 63 62 61 60 99 58 99 56 55 54 99 52 51 99 49 48 49 99 57 99 99 99 61 99 51 52 53 54 99 58 59 60 61 99 99 99 99 99 65 99 99 99 63 99 30 99 28 29 99 99 99 37 36 35 36 37 38 39 40 41 99 45 46 47 99 99 99 99 99 99 66 65 64 65 66 99 78 77 99 99 78 99 99 99 99 99 78 77 76 77 99 99 76 77 99 77 78 79 99 73 99 99 66 65 64 65 99 61 62 99 60 61 60 61 62
 99 99 99 99 62 99 60 59 58 57 56 99 64 65 99 67 99 67 99 43 42 41 40 39 38 37 99 35 34 35 34 35 36 37 38 39 40 99 99 57 56 55 56 57 58 99 62 63 64 65 66 67 68 99 99 75 99 77 78 99 99 75 99 73 72 71 70 71 99 69 70 99 99 66 99 99 99 99 59 58 57 56 55 54 53 52 51 50 49 48 47 99 99 58 59 60 99 62 99 50 51 99 55 56 57 99 99 99 99 64 99 64 65 64 63 62 63 62 99 31 30 29 99 99 99 99 99 99 99 37 99 99 40 41 99 47 46 47 48 99 52 99 99 59 60 99 64 63 64 99 78 99 76 99 99 99 78 99 99 81 80 79 78 77 78 99 82 99 78 99 78 79 80 99 99 79 99 67 66 99 64 63 62 63 62 61 99 99 99 63
 99 64 63 99 61 99 59 58 57 56 55 54 99 99 99 99 99 68 69 99 99 40 39 99 99 36 99 34 33 34 33 99 37 99 39 40 99 99 99 99 99 56 57 58 59 60 61 99 99 99 67 68 69 99 73 74 75 76 77 78 77 76 75 74 73 72 99 99 71 70 71 99 99 99 74 75 76 99 60 99 58 99 99 55 54 99 50 99 48 47 46 99 44 99 99 99 52 99 50 49 50 99 99 99 99 99 99 65 64 63 62 63 99 99 62 61 62 61 99 99 31 99 99 99 99 99 99 99 99 38 99 99 99 42 99 99 47 48 49 50 51 99 59 58 99 60 99 62 99 99 77 76 75 74 99 78 77 78 79 80 99 80 99 78 79 99 81 80 79 80 79 99 81 80 79 78 79 99 67 99 65 64 63 64 63 62 99 66 65 64
 64 63 62 61 60 59 58 57 56 55 54 53 99 99 99 99 99 69 99 41 40 39 38 37 99 35 99 33 32 99 32 99 38 39 40 41 42 99 50 51 99 57 99 59 60 61 99 99 99 99 99 69 70 71 72 73 74 75 76 77 99 77 76 75 99 99 98 99 72 71 99 99 75 74 73 99 75 76 99 58 57 56 99 54 99 50 49 99 47 46 45 99 43 99 43 99 51 50 49 48 99 99 99 99 99 99 99 99 99 99 61 99 63 62 61 60 99 60 99 99 99 99 99 99 99 99 99 99 99 99 99 99 99 43 44 45 99 49 50 99 99 55 99 57 58 59 60 61 62 63 99 75 74 73 99 99 76 99 78 99 99 99 99 79 80 81 82 99 80 81 80 81 80 99 78 77 78 79 99 69 99 65 64 99 64 63 64 65 66 65
 65 64 99 62 99 99 57 56 99 99 99 52 53 54 99 72 71 70 99 40 39 38 37 36 35 34 33 32 31 32 31 32 99 40 41 42 99 99 49 50 99 99 61 60 61 62 63 64 65 99 99 99 99 99 73 74 75 76 77 99 81 99 77 99 99 98 97 98 99 99 99 75 99 73 72 73 74 99 58 57 56 55 54 53 99 49 48 47 46 45 44 99 42 41 42 99 52 99 99 47 48 49 99 99 99 55 56 57 58 59 60 99 99 63 99 59 58 59 60 99 99 99 68 99 99 99 99 99 99 99 99 99 45 44 45 46 47 48 99 99 99 54 55 56 99 60 61 99 63 64 99 99 73 72 73 74 75 76 77 78 99 99 81 80 99 82 99 99 99 82 81 99 79 78 77 76 99 99 69 68 67 66 99 99 65 99 99 99 67 99
 64 99 99 99 99 99 56 55 54 53 52 51 52 53 54 99 72 71 99 99 99 39 99 99 34 33 32 31 30 99 30 31 99 99 42 43 44 99 48 49 50 99 99 61 62 63 99 65 99 99 99 99 99 77 99 75 76 77 99 99 80 79 78 99 99 99 96 99 99 99 99 74 73 72 71 72 73 99 99 99 55 54 53 52 51 50 49 48 47 99 43 42 41 40 41 42 43 44 45 46 99 50 51 99 99 54 55 56 57 99 61 62 99 64 65 99 57 58 59 99 99 99 67 99 99 99 99 99 99 99 99 99 99 45 46 99 48 49 50 51 52 53 99 57 99 61 62 63 64 65 66 67 99 71 72 73 74 75 76 77 78 79 80 81 82 83 99 99 99 83 99 99 99 99 76 75 74 99 70 99 68 67 99 99 99 71 70 69 68 69
 63 62 99 60 99 58 99 56 55 54 99 50 99 99 99 48 99 99 39 38 99 99 35 34 33 32 99 30 29 28 29 30 31 32 99 44 45 46 47 99 99 64 63 62 99 64 65 66 99 99 99 99 75 76 77 76 99 99 99 82 81 99 99 92 99 99 95 94 95 96 99 73 99 71 70 99 74 99 60 99 56 99 99 53 52 51 50 49 99 45 44 41 40 39 40 99 42 43 44 45 99 99 50 51 52 53 99 99 58 99 62 63 64 65 99 55 56 99 58 59 99 65 66 99 99 99 99 99 99 99 99 99 99 46 47 99 99 50 51 99 53 54 99 58 59 60 99 64 65 99 99 68 69 70 71 72 99 76 77 78 99 99 81 82 99 84 85 99 85 99 83 99 79 78 77 99 73 72 71 70 69 68 99 99 99 72 99 70 69 70
 99 61 60 59 58 57 99 55 56 99 99 49 48 47 46 47 48 99 38 37 36 35 34 33 32 31 32 99 28 27 99 99 99 33 99 45 99 47 99 67 66 65 99 99 66 65 99 67 99 99 72 73 74 75 76 77 99 81 82 99 99 99 99 91 90 91 99 93 99 97 99 72 99 70 69 70 99 99 59 58 57 56 55 54 53 52 99 99 45 44 99 40 39 38 39 40 41 42 43 44 99 48 49 50 51 99 99 58 59 60 99 99 99 99 53 54 55 56 57 99 63 64 99 99 67 99 69 99 99 99 99 49 48 47 99 99 99 51 52 99 99 55 99 99 60 99 66 65 99 69 99 69 99 71 99 73 74 99 78 79 80 81 82 99 86 85 86 85 84 83 82 81 80 79 99 75 74 99 72 71 70 99 99 99 99 73 74 99 99 71
 63 62 61 99 57 56 55 54 99 52 51 99 47 46 45 46 99 40 39 99 35 34 33 32 99 30 99 28 27 26 99 99 99 99 99 99 99 99 69 68 67 66 67 99 67 99 99 68 69 70 71 72 99 76 99 78 79 80 81 82 83 99 99 99 89 90 91 92 93 99 99 71 70 69 68 99 62 61 60 59 58 99 99 55 99 53 54 55 99 43 42 41 40 39 40 99 99 43 44 45 46 47 99 51 99 99 99 57 99 61 62 63 99 55 54 99 56 57 99 61 62 63 64 65 66 67 68 99 99 99 99 99 49 99 55 54 53 52 53 54 99 99 99 99 61 99 99 66 67 68 69 70 71 72 73 74 75 76 77 78 79 99 83 84 99 86 85 84 83 82 81 80 79 78 77 76 75 76 99 72 99 80 99 99 75 74 75 76 99 99
 62 99 99 57 56 55 54 53 52 51 50 49 48 99 44 99 99 39 38 37 99 99 32 31 30 29 28 27 26 25 24 99 99 99 99 99 99 99 70 69 99 67 68 69 99 99 70 69 70 71 72 73 74 75 76 77 99 99 82 83 84 85 86 87 88 89 99 93 94 99 71 70 69 68 67 99 63 62 99 60 99 99 99 56 55 54 55 99 99 44 43 42 41 40 41 42 43 44 45 46 47 48 99 52 53 54 55 56 57 99 63 64 65 99 99 99 99 58 59 60 61 99 99 66 67 99 69 69 99 63 99 61 99 59 99 55 99 53 54 55 56 57 58 59 99 67 66 67 99 69 70 71 72 73 74 75 76 77 78 79 99 99 84 85 86 99 86 99 99 83 99 81 80 79 78 77 76 77 99 99 80 79 78 77 76 75 99 77 78 79
 61 60 59 58 57 99 55 54 99 52 99 50 49 99 43 42 99 99 99 36 35 34 33 32 31 99 29 28 27 99 23 24 25 99 99 99 99 99 71 99 99 68 99 70 71 72 71 70 71 99 73 99 75 76 77 99 99 84 83 84 85 86 99 88 89 90 99 94 99 99 99 69 68 67 66 65 64 63 62 61 60 59 58 57 56 55 99 99 99 45 44 43 99 99 42 43 44 99 46 47 99 99 54 99 54 55 99 57 99 99 99 99 66 67 68 99 99 59 60 61 62 63 64 65 99 69 69 68 99 62 61 60 59 58 57 56 99 99 55 56 57 58 99 60 61 99 65 99 71 70 71 72 73 99 75 76 77 78 79 80 81 82 83 84 85 86 87 86 85 84 83 82 81 80 79 78 77 78 99 99 81 80 79 99 77 99 79 78 79 80
 99 61 60 99 58 57 56 55 54 53 99 51 99 43 42 41 40 39 38 37 99 35 99 99 99 99 99 99 28 99 22 99 99 99 99 99 99 79 99 77 76 99 72 71 99 99 99 71 72 73 74 75 99 77 99 99 99 85 99 85 99 99 90 89 99 91 99 95 96 99 71 70 69 68 67 99 99 64 63 99 61 99 59 99 57 56 99 99 99 46 45 44 45 46 99 44 99 48 47 48 49 99 53 54 55 99 99 58 59 99 99 99 67 99 99 99 61 60 61 99 63 64 65 66 67 68 68 67 99 99 62 61 60 59 58 57 58 99 56 57 58 59 99 61 62 63 64 99 99 69 70 71 72 99 76 99 78 99 80 81 82 83 84 85 86 87 88 87 86 85 84 83 82 81 80 79 78 79 80 81 99 81 80 79 78 79 80 79 80 81
 63 62 61 62 99 99 99 56 55 54 55 99 99 99 43 42 99 40 39 38 37 36 99 99 99 99 31 30 29 30 99 99 99 99 99 99 99 78 77 76 75 74 73 72 73 74 73 72 73 99 99 99 99 99 99 99 99 86 99 86 99 92 91 99 99 99 99 96 97 99 72 71 99 69 68 99 66 65 64 63 62 61 60 59 58 57 58 99 99 99 99 45 99 47 99 45 99 99 48 49 50 51 52 99 56 57 99 59 60 99 70 69 68 69 99 99 62 61 62 63 64 65 66 67 68 68 67 66 65 64 63 62 61 60 59 58 59 58 57 58 59 60 61 62 63 64 65 66 67 68 69 70 71 99 99 99 79 80 81 82 83 84 85 86 87 88 89 88 87 86 85 84 83 82 81 99 99 80 81 82 83 82 81 80 79 80 81 80 81 82
79
